Run 1
  500; 0.020; 5586.852
 1500; 0.253; 3905.436
 2500; 1.063; 2588.155
 3500; 2.209; 2439.596
 4500; 4.275; 2084.146
Run 2
  500; 0.020; 5610.495
 1500; 0.256; 3866.085
 2500; 1.049; 2621.777
 3500; 2.823; 1909.509
 4500; 4.087; 2180.105
Run 3
  500; 0.020; 5560.592
 1500; 0.255; 3880.646
 2500; 1.050; 2618.384
 3500; 2.164; 2491.175
 4500; 3.805; 2341.954
Run 4
  500; 0.023; 4708.277
 1500; 0.249; 3982.060
 2500; 1.043; 2635.559
 3500; 2.151; 2506.241
 4500; 3.611; 2467.187
Run 5
  500; 0.020; 5568.243
 1500; 0.250; 3956.344
 2500; 1.039; 2645.862
 3500; 2.152; 2504.308
 4500; 3.621; 2460.546
Run 6
  500; 0.020; 5563.140
 1500; 0.278; 3560.524
 2500; 1.048; 2624.707
 3500; 2.167; 2486.792
 4500; 3.591; 2481.461
Run 7
  500; 0.020; 5592.270
 1500; 0.289; 3424.162
 2500; 1.048; 2624.321
 3500; 2.165; 2489.917
 4500; 3.591; 2481.457
Run 8
  500; 0.022; 5022.572
 1500; 0.285; 3476.123
 2500; 1.098; 2504.506
 3500; 2.295; 2348.109
 4500; 3.640; 2447.888
Run 9
  500; 0.023; 4825.628
 1500; 0.246; 4031.043
 2500; 1.047; 2626.936
 3500; 2.150; 2507.357
 4500; 3.615; 2465.055
Run 10
  500; 0.020; 5391.325
 1500; 0.313; 3164.364
 2500; 1.140; 2412.765
 3500; 2.227; 2419.783
 4500; 4.153; 2145.293
