Run 1
  500; 0.020; 5431.821
 1500; 0.255; 3888.160
 2500; 1.051; 2615.774
 3500; 3.091; 1743.820
 4500; 3.699; 2408.744
Run 2
  500; 0.021; 5126.770
 1500; 0.307; 3228.859
 2500; 1.101; 2496.935
 3500; 2.342; 2301.516
 4500; 3.651; 2440.665
Run 3
  500; 0.020; 5410.990
 1500; 0.316; 3135.789
 2500; 1.096; 2509.784
 3500; 2.250; 2395.870
 4500; 4.995; 1783.618
Run 4
  500; 0.023; 4704.484
 1500; 0.266; 3726.273
 2500; 1.266; 2171.804
 3500; 2.287; 2357.168
 4500; 3.771; 2362.701
Run 5
  500; 0.020; 5434.252
 1500; 0.259; 3828.705
 2500; 1.053; 2611.621
 3500; 2.170; 2483.842
 4500; 3.635; 2450.838
Run 6
  500; 0.023; 4803.271
 1500; 0.323; 3065.301
 2500; 1.345; 2044.648
 3500; 2.209; 2440.396
 4500; 4.758; 1872.753
Run 7
  500; 0.020; 5507.687
 1500; 0.335; 2955.381
 2500; 1.046; 2628.051
 3500; 2.509; 2148.315
 4500; 3.671; 2427.316
Run 8
  500; 0.025; 4413.748
 1500; 0.334; 2963.734
 2500; 1.043; 2635.390
 3500; 2.372; 2272.577
 4500; 3.726; 2391.019
Run 9
  500; 0.020; 5398.517
 1500; 0.253; 3916.897
 2500; 1.395; 1971.134
 3500; 2.613; 2062.792
 4500; 4.718; 1888.517
Run 10
  500; 0.028; 3984.915
 1500; 0.253; 3917.163
 2500; 1.066; 2579.302
 3500; 2.179; 2473.245
 4500; 3.641; 2447.006
