Run 1
  500; 0.021; 5260.875
 1500; 0.299; 3308.789
 2500; 1.124; 2446.332
 3500; 2.278; 2366.152
 4500; 4.580; 1945.352
Run 2
  500; 0.020; 5541.557
 1500; 0.260; 3800.454
 2500; 1.092; 2518.707
 3500; 2.234; 2412.728
 4500; 4.168; 2137.830
Run 3
  500; 0.020; 5423.775
 1500; 0.309; 3200.735
 2500; 1.155; 2379.924
 3500; 3.004; 1794.311
 4500; 3.623; 2458.986
Run 4
  500; 0.024; 4518.573
 1500; 0.274; 3619.281
 2500; 1.084; 2536.739
 3500; 2.176; 2476.879
 4500; 3.649; 2442.069
Run 5
  500; 0.020; 5633.238
 1500; 0.251; 3945.259
 2500; 1.058; 2600.369
 3500; 2.179; 2473.293
 4500; 3.633; 2452.604
Run 6
  500; 0.020; 5598.241
 1500; 0.245; 4042.632
 2500; 1.040; 2645.116
 3500; 2.154; 2502.603
 4500; 3.635; 2451.096
Run 7
  500; 0.020; 5589.424
 1500; 0.276; 3581.273
 2500; 1.059; 2596.468
 3500; 2.167; 2487.682
 4500; 3.598; 2476.324
Run 8
  500; 0.024; 4542.061
 1500; 0.292; 3395.634
 2500; 1.116; 2464.785
 3500; 2.288; 2355.997
 4500; 4.827; 1845.911
Run 9
  500; 0.020; 5575.847
 1500; 0.261; 3787.182
 2500; 1.072; 2565.550
 3500; 2.206; 2442.975
 4500; 3.659; 2435.147
Run 10
  500; 0.025; 4477.919
 1500; 0.253; 3908.395
 2500; 1.062; 2590.084
 3500; 2.210; 2439.043
 4500; 3.686; 2416.968
